P1 P2 P3 Totals
Amanda 121 10 0 131
Charles 51 4 17 72
Monique 14 12 12 38
TP 186 26 29 241
P1 P2 Totals
Ingrid 951 985 1936
Candid 492 12 504
Peter 10 3 13
Camila 0 0 0
TP 1453 1000 2453
P1 P2 P3 P4 Totals
A 1 11 111 111 234
B 11 1 111 111 234
C 111 111 1 11 234
D 111 111 11 1 234
TP 234 234 234 234 936
P1 P2 P3 P4 P5 Totals
A 1 1 1 11 11 25
B 11 11 11 1 11 45
C 11 11 11 11 1 45
D 111 111 111 111 111 555
TP 134 134 134 134 134 670
P1 P2 P3 P4 P5 Totals
D 111 111 111 111 111 555
C 1 11 11 11 11 45
B 11 1 11 11 11 45
A 11 11 1 1 1 25
TP 134 134 134 134 134 670
P1 P2 P3 P4 P5 Totals
A 1 11 11 111 111 245
B 1 11 11 111 111 245
C 11 1 11 111 111 245
D 11 11 1 111 111 245
TP 24 34 34 444 444 980
P1 P2 P3 P4 P5 Totals
A 111 111 1 11 11 245
B 111 111 11 1 11 245
C 111 111 11 11 1 245
DlongnameD 111 111 11 11 1 245
TP 444 444 34 34 24 980
P1 P2 P3 P4 Totals
A 50 50 10 0 110
TP 50 50 10 0 110
P1 P2 P3 P4 Totals
A 10 0 50 50 110
TP 10 0 50 50 110
P1 P2 P3 P4 Totals
A 510 510 0 0 1020
B 510 510 0 0 1020
TP 1020 1020 0 0 2040
P1 P2 P3 P4 P5 Totals
A 0 0 0 0 0 0
B 0 0 0 0 0 0
C 0 0 0 0 0 0
D 0 0 0 0 0 0
TP 0 0 0 0 0 0
P1 P2 P3 P4 P5 Totals
A 0 0 0 0 0 0
TP 0 0 0 0 0 0
P1 P2 P3 P4 P5 Totals
A 0 0 0 0 0 0
B 0 1 0 0 0 1
C 0 0 1 0 0 1
LONGNAMEEE 0 0 0 1 0 1
TP 0 1 1 1 0 3
P1 Totals
A 0 0
TP 0 0
P1 Totals
A 999 999
TP 999 999
P1 Totals
A 0 0
B 0 0
C 0 0
D 0 0
TP 0 0
P1 Totals
A 111 111
B 111 111
C 111 111
D 111 111
TP 444 444
P1 P2 Totals
A 11 11 22
B 11 11 22
C 11 11 22
D 11 11 22
TP 44 44 88
P1 P2 P3 P4 P5 Totals
A 1 1 1 1 1 5
B 1 1 1 1 1 5
C 1 1 1 1 1 5
D 1 1 1 1 1 5
TP 4 4 4 4 4 20
P1 P2 P3 P4 P5 Totals
A 999 999 999 999 999 4995
B 999 999 999 999 999 4995
C 999 999 999 999 999 4995
D 999 999 999 999 999 4995
TP 3996 3996 3996 3996 3996 19980
